10000
5836
8773
917
1091
7032
9212
6189
4663
4874
4703
8448
5106
9024
6676
5415
9655
729
9604
8220
6302
9548
3978
3527
2663
5091
1471
9383
6173
2097
8707
8745
7933
7479
741
9025
5589
9953
6292
1331
5905
995
9779
1010
18
7533
7504
752
8262
8186
50
4563
8812
4028
9170
1475
197
640
1936
6370
2737
642
6194
1748
9200
6935
772
4788
6887
7065
6119
2791
9139
5898
4880
235
3430
3462
987
2771
1647
1037
8413
459
6144
7582
3013
6341
9301
6028
3790
3116
6670
9984
4865
5869
7997
6716
1735
5962
3780
7855
8753
3997
4831
4711
4233
9340
8173
6299
3189
9820
7337
1602
1357
4559
9184
5449
1979
9564
1476
5769
2679
8146
6831
7544
5093
5906
4260
7908
1867
9119
6841
1698
4195
1671
6409
9507
2089
5660
5805
5279
6558
4220
6881
7916
8780
7143
4443
1837
6706
5920
8685
9386
5144
6594
8008
1316
2499
3346
9224
5445
2465
6064
7143
6660
8814
4630
6166
902
289
3049
7260
6847
8349
4140
5841
7128
2362
284
43
146
7283
8728
610
2426
5321
8619
3742
8899
1964
2965
4343
5508
107
1485
3246
8921
7194
490
902
7483
3540
8162
5408
1888
3381
2328
94
5743
3691
137
6968
973
9944
7579
3399
6343
6197
8221
5241
9240
1185
662
4748
1293
2147
7994
1292
419
8485
2194
7902
2024
356
4388
4991
4816
6716
6164
1637
1485
7380
8605
2458
7323
6183
6937
3665
2379
5157
9985
2698
7421
646
7446
9793
3872
5439
1085
4291
5002
4358
3271
8105
5793
7659
3095
608
5454
9259
2245
8018
6638
850
476
5039
7033
8492
9783
491
4727
9767
3189
2147
1491
634
3019
5363
7152
5183
9654
3233
9541
4003
1337
5334
1662
5512
7021
8195
5849
9267
6212
3566
1195
7767
8605
8228
6258
8388
9798
984
9233
2986
4211
724
4699
8309
6087
2930
3491
6820
6163
4110
822
8579
9444
3563
4090
7544
1757
9940
6810
9049
3505
8005
6815
3188
7311
4152
1575
8188
6215
1887
2252
425
2611
8031
9813
8698
960
3303
6596
8202
7414
7419
6780
7936
981
1949
5479
3818
1888
3367
2866
6472
2450
9681
9660
840
4911
1235
9028
1126
3122
1279
2630
6812
9310
2443
6588
1348
5746
3184
628
4238
602
8488
3253
2662
436
9811
7559
2324
3178
424
8796
6707
1184
8455
7547
6095
768
7653
8300
4969
8933
930
1780
9321
3373
8369
1748
197
2631
2376
5515
4312
863
8768
6974
1299
8578
5612
4702
2834
6036
4576
9542
8299
4110
8167
5473
5957
6899
3772
2005
6910
5781
3785
6230
9154
3232
9057
430
5863
1433
5945
174
3375
4712
8228
5754
4368
3839
455
7203
953
6111
7823
331
1299
7068
5804
7256
3966
654
9261
875
6436
4125
7106
6668
8436
6162
7098
5378
8674
3042
6631
2049
8833
4858
7803
3201
9776
9337
1482
1808
6526
9305
2139
7825
6372
7943
6160
338
9676
6499
1213
6111
1702
9398
2779
1217
6639
955
6595
6391
5077
3225
8440
3909
9163
7321
8189
16
7737
9671
1824
4262
53
3963
3166
7505
2984
404
8922
2660
6903
1213
9850
9685
1690
3707
901
8329
4663
7496
4719
818
1799
4238
4727
961
2637
3995
978
373
4744
2802
4636
5877
7845
8881
3381
828
9285
3381
4567
7266
4594
5496
6950
6284
9203
7851
5691
4944
6425
1489
5762
8225
6806
1568
264
9443
5563
1242
9817
1385
5124
5531
7262
4047
5490
1721
5954
4774
5102
521
2039
775
7096
8990
8138
6298
7919
3829
1242
4344
6397
8083
3647
4281
9651
3911
3723
6292
6233
4618
7678
2435
148
6018
6482
5638
7740
2435
1490
2841
4035
4609
4695
1130
4677
2833
7429
2595
7741
9750
8018
5216
8911
1664
9497
8562
6655
3219
5932
2887
8917
4688
6401
9065
706
2882
5782
8446
5317
8351
2365
431
2959
7061
1561
7636
972
68
231
8713
896
9328
3928
9808
2071
3424
9448
9805
7722
5379
3770
6638
67
170
6782
773
3052
3642
297
9448
1992
3741
9879
4952
801
2519
3666
2852
2587
4976
1564
3484
4304
6571
4370
7454
9995
3817
7258
8796
274
1027
5433
341
1197
2214
2193
5328
6935
3569
4775
8928
7311
5733
4958
9191
8252
8624
2043
838
4679
4686
5401
8983
1257
9771
7515
1251
4666
4772
46
4941
5799
6559
6361
8075
9852
8555
3402
6787
2123
8177
6793
512
4988
1750
9704
3239
1452
2825
5157
6131
7511
557
6192
8768
1407
3706
19
6073
9557
1144
1013
5355
8782
7375
3429
8634
7008
7910
6499
209
7166
3291
722
2153
6120
1504
5393
7572
4329
549
4782
1839
2185
2052
607
3592
5759
1705
9666
5315
3928
678
1749
2710
9132
6257
2422
6139
4167
8921
6349
1332
2211
7071
3485
8331
8575
9957
6981
2903
1584
1762
5821
3770
3815
6428
7362
652
9212
8106
7046
3140
8785
9874
6929
7916
6131
9351
4055
1376
9350
1482
3787
1560
8553
8351
969
8206
9387
7950
2187
970
791
8008
4740
5685
4436
3181
7416
4726
1286
4461
7866
1149
4335
5873
144
1544
5223
5278
3999
5651
6760
8865
7211
5312
7215
9259
3517
6601
8288
6783
7572
157
4790
3390
6921
304
6571
4336
5031
8937
9876
3975
85
4210
9849
229
6833
6150
5507
1910
1801
2266
774
90
8657
9069
428
3252
5669
8716
34
4319
9952
4825
8789
6872
5129
6438
1207
1238
5374
1082
5214
5460
6372
6141
5689
4283
2290
2275
6194
5170
4541
6968
5261
3198
7115
6768
6450
3863
6562
7564
8182
6513
2388
8049
3384
8596
4487
5670
9835
9861
6752
5048
6399
4202
2267
2088
8486
4557
4363
5758
9728
9983
3804
6067
4259
919
3913
1788
4782
474
9352
4042
6987
1739
2091
370
1413
7657
7119
1247
7517
3870
7374
3916
9152
9641
7083
7637
5277
2524
3394
6083
2506
7198
3228
7845
9196
7141
9633
3977
7615
8984
8020
4601
1801
110
6050
3214
8846
3168
4462
6362
8117
2914
1356
7268
3634
9518
5983
8911
3120
455
4993
6706
8733
8221
4550
7928
5361
4182
1905
4054
3165
1003
8655
4966
2192
5783
8180
1037
29
3720
8478
8146
7714
9835
6493
1347
430
3554
257
3551
4010
5250
1335
2742
4549
5885
1748
988
1145
3653
5042
4310
4656
4775
354
6848
557
9613
8964
586
3333
7442
9811
1046
8355
7382
2393
8785
936
3729
3414
4946
57
4749
8767
4606
1712
1593
5594
2857
5247
1714
8246
981
6489
8600
8909
7046
8213
7872
8711
2624
6392
8521
3670
4746
6982
7142
3531
7918
870
8024
3942
927
3852
3787
6612
5564
5380
2205
9501
1705
4998
7746
3766
1486
7425
3753
9611
5637
2703
8321
8261
9096
7920
3009
3841
4901
150
8451
3897
2099
6475
7839
3026
326
2704
9638
6969
8085
2921
7548
868
7919
5294
4634
483
2718
8387
93
9434
1090
8414
8773
1264
7412
1781
5105
2313
3010
3556
6210
5109
30
5128
9214
1435
7832
8851
9483
6995
2850
7031
7864
1847
3403
3576
2330
7200
1963
3502
7712
4132
1915
6484
5396
9327
8265
1579
2718
1274
5135
7
7462
6244
5135
6675
8758
4045
5525
8241
2119
9454
6350
9983
1300
831
4637
4709
8031
6600
8211
5742
1810
1204
3304
8285
1609
1568
9865
4328
3921
4999
4335
1382
2322
548
8057
1079
5672
4660
398
7791
4113
7827
8852
6492
8658
3489
1200
7767
1167
489
4587
4057
1693
7891
2341
3302
9459
2205
7630
4458
8284
3043
5840
605
4670
4975
1684
1421
713
3162
290
4826
988
221
2396
9647
4789
4675
8492
7035
5164
3079
1091
6857
969
3433
1238
1507
6717
9947
7044
5000
2990
3963
5605
8739
8938
8369
1238
730
1530
1529
5556
3597
2829
9032
4322
7618
3706
2814
4652
9950
6972
6823
6806
9020
255
8044
526
6972
7991
8650
1972
2059
2612
8656
1876
2628
7024
4194
3358
9633
5723
9994
3230
9631
103
7552
7248
3809
365
2978
3758
7337
9801
1643
6357
1134
765
7962
9186
9835
7690
2236
2972
301
891
5928
4009
8995
121
8446
8627
6923
8439
1856
6553
8542
9409
4879
3430
852
8936
8267
9269
9816
9910
6704
949
1754
5744
1213
1588
3434
3449
5640
4814
4341
1567
9902
3335
1688
8348
3040
8611
7865
4897
5163
7486
5384
1120
915
7315
55
260
6583
9871
170
4365
820
3003
109
2033
5670
4622
6562
1309
514
1981
2876
416
6395
4564
8764
9435
4253
6628
5410
9416
4113
793
535
6107
8109
1670
6368
5770
1540
7617
1214
3439
619
2402
6552
7368
7024
3113
8678
7538
5094
1553
9033
2567
7197
7796
2001
1449
5503
7412
1944
9616
9284
3558
6802
8471
5228
3169
4241
7848
785
6534
1286
2483
8936
8917
9851
7038
2029
8528
5654
8202
1160
4687
768
9436
3561
3849
1963
9064
1260
4986
9759
543
8545
6560
9015
4851
9729
4334
3777
1592
867
5064
4075
881
5059
3925
7919
7089
3532
4651
6369
5771
9338
8217
6285
2899
2065
8248
3041
4404
3234
2799
6026
2857
9359
6119
8787
165
452
2564
1757
2398
8707
5832
4358
3765
836
3355
1932
5447
8007
9381
1217
8423
7597
7502
2400
740
6828
5442
6223
1140
8241
2248
3997
8679
8368
3863
8844
9899
6427
601
2297
6212
7512
7734
9977
9427
1089
2988
4873
9096
2368
7169
7518
1043
5749
997
2862
3656
6439
9085
4796
5758
1332
9873
4436
778
3735
4359
677
161
6039
4053
6373
4629
1786
7428
4056
2875
415
7
3049
2783
8256
1646
4905
5083
2643
7767
8739
160
6851
4614
5918
9263
4486
1433
1119
8221
5792
1796
9461
2909
6928
6912
7538
8715
4339
1593
2668
5834
2680
5718
9696
2014
8443
4601
7097
1085
2367
6915
1245
297
1528
8242
9560
7093
9675
678
6392
6545
3554
5852
9454
481
3842
8071
274
8181
742
4022
5093
3422
818
4789
5436
9261
9390
3612
1424
1756
1605
2669
2053
3133
1989
2691
1304
1664
4449
7696
9288
9082
3547
9821
641
8468
7891
916
6648
9712
4938
1741
3134
5756
6530
9649
6095
6998
4339
7519
9833
5944
1266
2965
155
3255
5656
1459
5998
1183
233
6365
264
4859
6185
906
3326
5154
2901
9975
4865
8918
2794
9078
5752
402
9806
1846
8479
5223
443
8311
1167
2788
1275
2401
7122
8011
3861
4199
9194
4094
563
537
8954
7827
2522
2279
4059
6502
3332
8924
5419
7205
9081
2249
8686
9965
5174
7164
5187
5617
5475
6354
8405
7829
8756
5526
5839
3695
9725
5033
8868
1366
6649
7821
9193
9171
1179
4330
6751
5590
3254
2169
3874
3413
4418
3638
3377
9592
802
8564
6287
7356
5997
5770
6263
4752
2374
2102
9526
3178
8214
8393
4544
4862
7293
4816
5111
9551
9146
1861
5140
3478
5109
92
7970
605
3731
1346
196
5612
989
7562
4046
6986
3331
308
2816
5705
2410
2341
9962
623
1812
4506
6564
9105
400
1674
8655
9546
4614
4874
4103
9723
6045
2072
327
9776
3419
1602
5387
4408
242
9433
2472
3573
820
5288
357
3230
7629
318
4933
9441
5903
1496
9625
6303
4250
9358
6928
8864
4231
1030
9666
1355
4181
9993
1130
7600
2674
7597
3086
2916
8108
5558
7569
8928
1924
9005
2158
631
9323
8170
72
6305
9666
775
2607
3915
132
613
3858
5443
1643
3523
6798
5825
4594
9007
4503
7268
6603
8669
1263
4711
5305
8832
4717
7230
8915
7954
7861
8237
6123
9012
4541
5789
9787
8228
782
998
8841
4640
6441
1563
8163
3238
8467
2757
3323
2969
1103
9927
2716
3445
5716
8022
3355
432
5251
2269
8387
4190
1585
4509
4281
7205
1376
4067
5432
2159
6144
5352
6799
2584
6915
6041
6901
6460
9877
224
9429
2058
1229
2145
5504
6945
1245
8859
8456
7575
1128
7921
1764
2713
3509
6045
9918
4885
1191
6429
8123
8414
1780
6001
998
9774
3120
8978
6233
2996
280
6740
5054
1509
9964
1636
9533
1208
495
9068
8783
2702
6988
1626
6494
496
8750
7490
6461
1019
3918
5662
9434
6777
2741
1510
7629
5861
487
3861
9936
1847
1680
6069
3356
2722
7705
3968
3931
9279
3035
3792
1980
22
6497
8474
1598
6326
5964
9138
7345
960
5878
7857
7738
8620
9367
6445
4480
933
1385
5495
2780
3065
1563
7215
5787
9268
1182
796
9626
4217
5668
1605
5319
2164
1158
7996
8490
8201
7133
6914
9161
4089
4770
7977
2708
5216
5501
8268
6149
6886
3762
7
9951
5325
7222
6816
5671
9484
8692
5296
4779
4359
7981
97
6523
9139
9172
6092
8418
6304
4084
8657
393
8854
7713
4180
5148
3213
2447
1296
98
6209
2382
1127
2612
9605
7943
9363
9088
6634
4658
3866
2071
2638
5043
8595
2855
4214
5765
2351
1597
927
1008
3069
9781
8721
7249
6008
3012
775
7304
3110
6984
9687
4237
675
369
3258
37
535
971
5774
5480
3042
9492
522
2715
2346
5816
9559
4698
8492
485
6785
1560
1345
6584
9888
7353
9596
662
4656
2705
8726
5421
8021
9401
6869
2357
9438
7404
3328
6290
2884
6371
5781
4485
164
8128
1379
9724
3904
9871
208
1767
1430
1553
8351
1318
8906
7946
1980
4641
1729
705
1140
828
1184
8010
3185
1700
5413
7593
7991
9376
5042
3771
4940
5206
2977
6319
6008
7960
6190
6217
9727
7620
8849
9156
16
7755
8180
1997
3474
987
3781
4614
1815
4966
2623
6080
6666
9116
4751
5735
9570
9793
9507
4509
6077
3562
828
2085
1522
7018
9381
1248
5716
8229
1483
5733
7062
9663
8809
535
650
2589
6229
3544
8634
9931
9624
6379
9046
5453
2113
9695
5245
2698
4203
2401
6261
5031
5565
7783
3127
4945
109
8844
4252
1592
4576
1314
1255
4463
2928
2984
7052
235
6528
6765
166
7231
3143
290
2683
6335
9985
9008
9034
4188
1408
5294
297
8052
4155
3425
2996
5343
2268
8327
6936
7923
719
9270
2385
4727
3332
515
4962
9860
7280
5128
7090
1501
5419
9774
7837
5403
8781
6870
9591
1267
3242
9889
9319
7397
4392
3393
2739
6660
1719
753
5661
2439
1101
8046
8245
4433
8561
3206
4293
6920
8335
2461
8421
4832
2234
6257
234
1014
4205
904
2281
7447
1871
2678
5922
6263
6071
9741
4001
7791
1572
9662
1308
2674
8786
9553
8186
8425
3837
2478
5344
2171
6019
4844
7003
8253
1100
8317
346
6385
9221
3706
3831
2170
6385
832
8433
2455
572
2433
1324
3223
3173
3711
5897
1958
4342
4083
382
8180
7640
6806
1429
3658
1649
9512
2990
3828
7828
3336
212
8127
7042
5123
296
4505
7034
9808
8040
8685
3319
9364
1907
6492
4154
8884
9529
8496
2966
989
7754
1684
7795
9184
6422
522
8695
490
4351
7601
3826
5642
5727
1946
1843
7102
7531
8877
6909
5570
7561
227
6012
547
7798
165
9431
7326
9741
3475
8315
7494
6238
7189
7756
2659
7711
7529
4228
3140
5129
8054
9862
855
1079
1704
7957
8610
581
5944
5258
9221
6171
1269
9768
5047
2514
9198
3451
2254
3751
1766
826
9990
33
9662
3727
8823
7190
7956
1963
2319
6009
2903
4253
8167
4607
3289
7855
6267
9233
3112
6567
6483
4382
7413
1529
6896
7690
4981
228
1440
7826
2133
1429
8938
1794
5157
7760
8985
3112
801
2382
199
3704
7714
8367
8312
1002
7300
5657
235
412
2223
6718
5873
9637
9326
3847
7326
4306
5154
8766
3210
7287
1274
2147
160
6431
986
223
621
1787
2605
820
5492
318
265
4882
2400
7566
1617
2635
9057
3841
431
6008
4556
9757
9855
2960
5142
5008
2804
9431
3373
4078
2657
3533
1587
3643
3756
2208
5430
7440
4108
2000
8838
4373
7961
1237
3017
9579
3872
3152
4498
5382
9160
9054
6217
92
2013
2437
5100
4817
1868
9553
9975
4525
3085
1561
8168
6842
4849
4676
5360
8957
6677
4197
4408
5716
5434
8505
5294
9306
1656
9792
5766
816
9924
1983
1987
3015
4420
7088
8912
7367
7719
8886
2970
803
1525
1137
8724
6374
6893
4084
6409
3569
8281
817
363
3715
9322
5658
4099
977
6528
9866
2872
7531
2927
4860
545
8426
3026
535
6872
744
499
9842
2626
2025
2058
1350
9478
8951
5434
5887
3598
4793
6704
3961
8508
7104
697
3686
9160
7226
4630
2032
5835
7557
7971
6380
7061
2075
7995
3932
2819
8494
4853
5445
1597
6911
7874
1075
5861
3307
8041
9459
9180
5823
4498
8766
2926
5196
2451
2085
3500
7081
5196
9335
5716
3166
6793
3856
5241
4787
8867
9139
3281
3719
5663
4878
629
3536
7032
7569
7923
5072
8106
7102
894
2604
5867
4899
7800
9398
8064
2378
6478
3259
1712
3273
7505
9584
7129
3824
4371
7074
2963
8731
793
9705
4687
1422
3240
1719
8992
2241
7870
7097
9343
9844
779
6289
5821
8579
5686
3884
2035
3242
7144
3747
7594
4648
3331
5801
9551
8781
2875
2513
7511
3668
2217
2197
6169
6537
4995
5160
8778
3944
3336
9200
3787
4115
6567
9608
3773
3331
3492
5808
7652
1714
634
5246
7441
5044
2125
6991
3824
5000
583
2413
9747
3879
5689
5916
415
1763
2154
272
5707
5490
9472
9494
684
7117
179
5536
447
3671
1343
8099
6464
3056
4423
3904
9179
6549
895
3002
1548
1478
6494
2374
5357
2183
8290
6852
5025
443
7124
731
7013
7674
224
8776
5869
403
4311
6316
5154
6733
5493
1617
9790
9917
6601
8968
7544
7496
3049
9092
52
621
2544
6488
3883
833
4418
8908
2356
1541
9639
447
293
941
301
6162
1345
4612
3556
7578
2423
128
273
3291
1123
6874
2259
8667
5448
6387
8837
5500
8087
1381
3067
1970
2214
7485
1956
5649
105
1595
7175
1477
2536
7476
8719
4960
2087
3353
3616
4511
3481
3890
7802
4604
763
1139
3270
6212
8605
3186
2790
7771
4567
6936
9741
7860
4421
1696
3509
5605
4370
683
7082
7986
8160
6879
2945
1325
232
6562
6915
3713
1530
5796
9397
2293
8014
3745
9584
7698
6931
3453
5468
1497
388
5208
9358
5888
7983
3945
1492
3432
5707
9654
1417
3866
6532
5441
6271
7843
3081
3185
2635
4611
59
2031
7984
8074
6855
8646
5771
3786
2098
1238
6362
3566
7525
5719
9454
6586
742
2025
17
6450
1678
1434
1394
9289
7955
7665
8211
1035
1929
845
6726
1988
3955
4709
1140
1888
4433
7990
5674
6532
9228
2036
97
7831
8834
629
4417
655
2654
5513
7105
5411
8027
8499
5779
5981
7243
3989
8095
250
5913
4820
3317
946
607
4458
2834
5041
3526
8509
2651
2754
1623
2748
1663
1535
4456
7159
2190
7111
2672
373
3600
698
8873
9379
6679
7194
4446
5852
7444
358
672
1839
2383
1279
6297
5218
7399
902
4805
49
3656
6428
3876
6398
9042
8333
3557
1232
6522
6229
1605
121
8006
1556
9501
5763
9829
5025
1614
8351
5384
2286
190
7767
4645
7566
4063
2043
8468
8868
3172
3202
6374
7048
9601
5416
5380
3157
7727
2980
464
410
3102
8470
1967
3681
4232
2874
8706
5846
1225
5168
9212
1415
4014
3856
8981
8077
6978
7449
8024
1228
650
4397
8277
1329
891
4735
4486
8618
7716
4950
107
817
4498
3153
5577
8730
6027
4282
4576
7252
529
3787
8667
4543
8722
8727
3698
6778
7254
1721
8007
8983
7198
7362
312
8089
2096
5877
7786
890
1906
7893
2786
6404
1045
8363
5134
8151
3724
788
5403
4253
5654
5148
8796
4375
4953
2493
2231
2206
5294
237
1189
2491
8678
2580
579
1853
8457
9444
2743
362
8415
6609
7846
9460
4971
2979
8690
9774
4846
4092
4026
499
318
3900
4874
5272
7473
8184
7478
2766
9501
9746
6336
8178
2325
7994
30
1861
7438
3853
2223
5852
461
68
6391
6511
4126
5080
6285
8972
250
1389
549
568
5290
6502
6919
3841
4686
4397
7686
4186
5221
4021
2363
8626
3093
2394
486
530
7326
2709
7462
7787
3857
4931
4297
9062
10
1660
9113
1339
3050
9662
1907
9419
6164
8827
4338
1928
4302
2023
6114
601
7123
8477
9227
215
1949
9713
1825
9275
3501
365
8140
8437
5296
2437
8577
6385
4097
7689
7724
8226
8430
709
7644
5672
614
1981
7600
5995
5083
4792
6597
3284
4347
6902
4579
7376
7694
7483
7729
1194
7848
5869
709
4222
9385
9286
606
4560
8054
9409
2786
7562
117
1508
3233
1811
4569
1911
7806
9652
6703
5481
4015
2128
3462
8594
9504
1155
6076
7233
3428
3923
4180
4137
8145
3564
4501
9830
8124
3633
316
1988
1194
1512
3497
5506
3323
9145
8496
2208
8796
6277
8768
3889
8406
2229
2482
7909
4463
8558
6220
7891
2480
399
3106
1703
3963
7608
2611
3166
1240
2927
5154
2435
5519
9730
9020
8842
8874
7516
2128
8749
3792
896
2637
2197
4204
5120
1185
8668
4756
7405
7637
8316
7805
743
1097
2846
8351
3709
6012
669
7715
2245
4183
3233
3053
3203
3154
1927
1797
6361
1754
5589
8336
4391
8866
2540
589
50
2286
5346
8534
9923
3661
7417
1744
4758
1342
1173
9546
7354
1843
8340
677
7105
2651
3731
1386
5805
6737
3183
3245
8491
8773
1580
3960
8717
4120
5629
9846
7485
974
8379
8487
5714
5796
230
1550
8217
1404
1096
5570
4326
514
7327
2509
3165
2136
3896
49
8873
7079
3294
8442
6930
4874
2401
5646
73
8030
5491
8637
82
4949
7123
6875
1823
7354
8426
39
9837
600
6688
5241
1114
4014
7750
4279
7229
1645
4328
6101
9804
7622
4542
6733
3575
6944
3458
3648
6052
27
2284
7214
4976
486
4088
6799
8919
2513
6838
9834
3113
4605
5074
4227
9698
3902
9586
6927
6627
3913
3027
6430
2614
8649
4241
6189
6671
7699
915
2722
8806
4278
9936
3781
5843
4024
580
4761
7616
8497
4594
729
4180
746
6035
3878
5728
5620
804
2354
612
3831
9863
3226
3558
5182
493
228
2881
1408
2951
1686
6765
3965
6546
2608
9068
8205
7369
6684
7781
3042
8492
1960
3788
5605
5838
594
2304
7721
2948
2916
2631
3889
6142
6189
9072
6635
6418
3031
9122
9369
5796
6965
4412
2341
9573
3480
546
8021
1242
9406
2141
812
1365
7008
6417
8283
7603
8721
6003
550
1636
8634
4440
8857
4823
3511
6570
1240
7621
5691
1687
3416
3735
6099
5757
3307
9579
7382
2406
1899
6787
4547
2711
9232
1555
9129
7514
9158
8928
3516
786
564
2150
6305
499
8052
894
7070
9292
8515
3839
978
1930
7574
8156
8767
1960
8814
6148
4366
712
4014
9993
3424
3245
2626
3631
758
1783
2558
5353
2569
4201
8582
9954
4701
6633
847
1770
5924
9363
5609
7981
1292
4262
6137
58
7301
4950
7286
1666
6741
2378
2737
164
5623
5363
4874
7460
8225
7433
2812
1873
2712
2473
1826
7413
9106
2673
261
6109
2035
6950
4089
4407
1211
1304
5544
8512
7333
3908
1256
4074
6286
5073
5317
1908
435
1270
446
9740
8703
3259
1612
2493
5732
3438
9907
5916
7190
167
2024
304
7117
7193
4711
9407
9576
1333
7918
6909
5242
253
2061
1527
5326
8457
3436
6840
9727
4961
6579
9508
8220
8191
2001
5030
2707
1907
2025
9898
3153
4049
1280
1349
2320
5991
755
1896
8403
9753
9884
3644
5
3023
5172
6410
1479
9687
4328
2285
4647
907
1792
3946
176
3793
54
3963
6779
2079
4939
1011
7208
6219
2360
9528
3288
3115
2502
1690
2867
2385
5335
3951
6487
1585
1439
7967
2350
5768
1330
6997
7754
3122
2021
7930
7995
2076
1892
5852
5234
6831
6863
2441
4128
9223
1969
7416
2338
4471
9107
6284
7936
5520
1314
4422
7105
2753
3467
9455
9600
4797
7530
7353
8999
9552
5283
6993
2706
8254
2844
7940
5085
9708
381
291
8
2350
7708
2346
7900
6814
9710
6914
2333
1023
1336
516
4855
5882
9971
4455
1758
7500
1807
756
8130
8169
8828
835
6423
1671
8776
2586
2457
9157
2877
2466
2585
584
5891
1563
8477
6679
8478
1888
8781
892
2404
3636
6774
3453
9170
8532
953
976
366
161
9146
9194
997
6647
865
851
9233
4401
1086
2109
7946
3671
3773
4916
5234
2249
1594
4790
5217
375
5682
7621
5090
2456
1074
4259
2066
3106
6314
2433
3267
6538
1626
5343
3184
3570
6194
2416
9051
7280
5605
8075
2029
456
2990
8343
3784
4585
3132
9001
6039
8815
6622
1128
2349
8775
6466
5494
1880
2779
7927
6226
9318
632
2648
3580
5281
8842
7076
5410
7201
2680
3485
9230
4215
6475
8651
7999
2138
1783
7000
9256
597
4700
1462
4025
3474
7928
9519
6433
1786
8525
3737
1103
235
6385
4683
6595
6306
1758
2005
3506
5517
6569
3814
9732
3043
2465
8810
6261
5327
5809
5516
7003
508
6979
1027
5061
5985
1624
2572
7771
1227
6309
9953
1462
2694
5715
8058
78
7473
1141
4663
4069
7710
9556
4879
1831
3099
3688
9171
8426
575
5766
5428
2162
2744
7534
7223
9808
237
873
7579
1464
7183
7531
2927
955
3245
2063
1033
1797
4283
6775
6945
3071
6330
2902
5981
9430
6591
5152
8934
8245
917
5441
407
4740
4053
8709
4547
4290
9583
3204
5755
7844
1814
9761
8799
5059
2902
910
7935
8264
7685
5958
1334
5093
8861
8394
5601
5451
3545
4535
4774
5541
1054
5181
1359
5107
4969
6986
9398
4551
1268
6231
2394
3082
7070
2271
9221
1050
3181
7155
392
1944
4192
2805
7037
3052
1198
3717
9582
5823
8252
4355
2442
9306
9537
3802
4412
5584
1866
4888
1213
3134
2197
4686
6217
345
6957
5437
2474
1216
3670
2866
4239
7862
5671
2354
913
6870
6071
494
3771
4322
5929
6213
4706
6544
14
197
2127
2959
6164
3340
6094
8362
8026
2310
9786
6061
8826
2260
7277
3574
6205
2594
1436
1876
4948
3428
9825
1019
5002
3595
6420
930
886
1126
7474
1980
1323
679
4939
8566
4019
1032
6927
3123
4421
7792
9184
3246
1130
7539
6821
7335
132
9336
289
5080
3842
1192
7178
9923
5866
3598
852
6753
4724
9405
8733
7126
83
3671
5691
5181
4704
3697
8304
203
2567
8566
3450
3697
6104
1349
2110
7315
1763
2400
2395
6684
3592
9573
6607
9459
4249
8538
6211
8973
9022
6022
7177
9105
9693
3947
5365
5475
7644
3668
6758
210
3313
207
4986
9417
2635
7096
6732
5477
9496
205
3239
4167
856
924
4704
5106
9463
1993
5157
8484
8015
2334
8667
8786
7360
5110
5340
5003
8779
2097
6292
2091
3383
1277
2586
7097
8373
396
2573
8948
1680
6891
4193
3616
7816
8897
9801
7278
889
4957
6840
8904
8370
6585
8768
5729
1695
4107
1810
1552
6204
8102
4722
9587
457
8387
6683
9910
8784
334
8857
1542
7226
4128
5158
5041
3024
4958
3397
4992
994
1315
3895
9364
7900
3741
6172
673
7849
7982
3304
5131
7163
8026
4718
7620
6413
2479
7529
6275
2814
7464
7817
1118
1591
4054
6159
5694
9012
634
685
5
1949
5659
448
927
9401
6620
2680
8328
5680
5984
3458
2842
5089
9255
1541
2580
1734
148
8855
5627
8692
7750
6745
1361
1803
3982
7056
1894
4616
7741
2978
7644
4479
3426
8571
4958
1124
2329
3285
6805
8314
7822
725
3402
7077
2266
5982
9890
3494
5915
5516
2185
3664
3339
3546
6547
7321
601
9520
3015
9422
2497
658
4979
5924
307
9937
8127
2637
3221
4931
2029
2121
6736
6510
9198
9002
2491
9087
2495
9485
5681
5759
4227
9020
9306
773
7419
9907
292
433
406
3869
2170
5385
9793
3557
6400
7919
7273
699
3929
9302
2821
664
5811
2018
744
9381
2184
4319
8865
7865
77
3091
7964
9383
4944
5382
368
6315
6895
1853
183
9065
8318
1054
2621
4717
52
9894
5417
3981
273
8238
5724
6084
1334
7547
6543
3518
1865
5407
2462
3022
9578
1504
3483
4521
6886
4930
1914
3780
6784
2098
3924
5101
3152
6545
896
4283
7518
6313
9343
7791
5629
5066
4954
6964
3692
1496
1560
5557
7983
5101
9658
7560
6605
3141
3159
4570
9150
5073
9429
5933
8250
3352
2112
2481
9898
3009
6764
8494
400
6107
6284
6030
2251
2316
4072
5943
3813
6711
2579
1795
2891
2236
433
9496
6456
3592
5144
5606
9744
4573
2617
7994
7925
4730
474
8901
8818
7238
7394
296
3344
4757
7405
6675
7073
1476
2617
1964
9267
5196
4838
2157
7433
6350
2731
4967
9942
8955
572
764
3527
3190
8758
2530
8999
9232
2510
7816
7548
982
8112
892
6818
6596
7567
4970
8072
1262
6934
8417
6459
2851
1652
4970
9201
4384
9937
221
3338
509
985
7944
3699
9743
1552
3776
52
4062
1591
7600
5045
781
9571
2941
7377
7137
7911
6528
8400
5924
4944
5937
8775
6597
906
9054
2059
842
9275
6476
2430
259
4419
7208
1080
7050
983
1132
1112
2574
8733
7236
4435
8303
176
2890
6519
9167
9418
5997
5090
5441
3012
3864
3116
3918
3996
6254
4760
3271
2729
7191
4609
8227
4398
5690
5276
6461
7901
7467
113
7712
4702
4548
7094
5958
7439
3612
5124
7935
687
1292
4454
3699
6235
7570
7617
230
3823
3455
3501
7631
1724
9190
5857
7202
5958
2212
3662
3858
9679
3775
2649
5460
9403
9743
2496
7920
4433
7620
5854
5120
9991
308
9898
6225
8957
8593
6455
2780
3126
1035
1489
4851
1303
8426
3131
7261
637
7872
2197
1394
2725
4846
6854
2127
4588
9350
46
9021
8048
6980
5219
8038
7288
5116
5341
6244
3708
2875
102
7914
3910
2671
2764
6292
1096
6974
3552
1733
5924
5749
3127
8649
1674
1060
1855
6262
409
1901
6362
9537
9960
2659
7574
8326
7776
2915
5649
2562
6869
5751
475
778
8422
4318
7070
596
2370
1700
3408
8294
8528
6536
6943
201
8675
8798
7543
162
1777
3904
9699
2816
7642
8352
1141
5417
2345
6790
9059
9214
3620
612
9992
3120
6010
8140
3717
8380
918
7125
7753
9446
4739
4695
726
3413
4571
8269
3576
7427
3251
4353
242
892
2704
1384
7389
5049
9253
6447
4262
2872
8138
5332
5993
4147
4550
9710
3606
5468
7913
1358
5993
2652
7132
6719
7144
1702
4987
1798
207
9317
6152
1529
208
8856
2913
7597
3905
2165
5122
9246
6117
3260
4578
2109
8486
206
2897
3170
6754
809
4528
2746
3461
1659
9465
1684
4440
5530
3482
5727
4846
9634
7256
6133
9569
1247
3730
4552
4491
9931
3797
607
4269
9454
2716
2755
9661
5613
5925
6414
6423
1532
238
962
4270
9703
2646
9790
6311
7208
5516
2235
6841
3850
8368
7488
5097
2097
2039
9588
3107
5837
195
7376
6369
3990
130
6029
682
7135
3521
8184
8667
3759
9146
4015
4540
2871
3804
850
1157
9320
3085
9077
3169
1453
6565
9345
4629
8604
8933
7736
5519
206
5112
1888
4196
6321
8996
5957
4534
2517
4140
3200
7355
4365
7216
1895
8315
2098
2745
9472
2497
6910
8548
6745
9442
6191
6090
5149
4795
5022
3964
1392
6307
154
3280
1581
6475
2276
7539
2088
5872
2757
5288
3226
7122
3582
5121
5436
6760
8946
5986
9257
6934
5613
6001
7454
1803
2090
2602
7677
8191
7645
9070
4497
7799
3428
7158
5353
6783
4696
7441
2654
7453
3807
6960
5654
8469
3159
2168
5228
3183
8155
4484
1195
4846
484
8649
6649
3654
2330
4326
1844
9975
4474
7421
8853
7902
4578
5284
5764
352
2724
8418
8884
7610
6456
5616
6078
694
7785
1305
3877
7018
6868
5073
1863
7353
4800
9591
2085
7130
4995
3929
8184
9469
2428
8115
8450
8085
3398
4213
9516
7201
3709
9479
4810
1244
5094
1967
1938
3957
3272
5815
974
1219
1966
3916
8572
6767
3507
1735
4975
9581
6743
4237
128
9172
3430
8578
8335
6828
3869
7851
5107
7578
8408
9918
9901
3501
2963
1838
8538
7314
8733
9512
8533
698
4507
8183
8544
9093
9918
4598
8673
6661
8835
8801
5832
3344
8457
5245
171
2325
4174
6358
982
2581
7354
882
7162
316
2721
5699
7630
1453
6289
6163
3230
1874
4345
1774
966
4263
7451
718
923
6285
597
7834
707
9055
3078
879
2458
7253
7237
3440
912
4590
5402
8074
5985
9202
4851
3614
1733
1140
9777
4963
3014
4122
7816
5060
8385
5266
5778
386
2630
6375
8220
3337
5429
2376
5295
7888
707
3610
2406
1620
9279
7808
772
5263
7009
6703
8878
8742
7843
8654
4784
1935
3854
2599
6995
3317
8945
3851
3703
1574
226
3001
4911
6734
6457
206
5700
7164
4895
9186
9863
4174
6993
1714
9437
5081
8417
9393
4901
6259
9126
9685
9273
2979
3363
7347
7376
2307
1197
1078
4960
2502
5159
9871
315
1615
1155
7094
8779
6051
6279
9721
1303
4351
1434
1818
510
9851
1211
6490
7188
336
7254
7539
4394
616
4885
1769
4002
7162
3927
8962
742
9086
9911
2136
700
1066
9231
557
8196
6588
1356
577
2017
2790
2395
3606
3719
3606
96
906
3942
7350
8446
8337
9045
4409
1184
3046
1570
5111
2007
3392
4196
2996
5528
5975
4062
4758
7612
3336
2425
8968
4992
5521
2837
7388
9128
6556
993
9224
7463
6015
7652
6987
5430
6696
1395
6614
9742
4045
1725
2827
7437
7000
5823
2964
2975
964
8802
1665
5379
2305
632
371
7826
4548
7759
6953
1104
9831
7255
9646
6924
4906
6632
3432
1601
9106
1125
2421
3150
3929
6327
1665
928
2150
4630
4982
4193
4510
6647
650
6815
8359
1021
4640
3985
9859
2672
5089
768
9927
4734
8771
4833
2444
2203
7513
1550
4407
9935
5779
8336
6261
8524
9264
9490
4232
5325
3682
8742
3050
4333
6635
2487
6433
2353
6473
7371
5025
1561
8139
6031
7375
7988
863
9819
1269
8376
2447
5676
9389
9306
4011
5650
7829
4354
5139
2060
9679
9901
1880
3807
5312
8515
6295
1744
867
2767
193
6972
5407
9411
3002
2781
7399
4944
3679
8668
4398
7205
4344
3787
6510
9434
515
5417
3787
6733
7477
4544
6633
435
8352
1944
8950
4646
4768
896
8492
4961
7868
4977
4372
1948
8838
2849
7971
3595
1516
2368
799
6939
7234
8389
6373
7749
4884
159
4482
3440
4704
2193
3875
4134
5217
2825
9859
9985
4800
8350
6024
3746
4405
1474
5694
3242
4323
4743
6837
6919
7111
7637
3857
4345
7104
229
3172
1987
1468
8733
5427
7251
926
9303
1384
6143
3206
1242
7206
9085
670
3229
2830
5075
5783
8524
8318
105
3266
6233
8103
1455
3869
1960
6879
2051
3268
1130
5118
5815
9863
544
3065
788
925
4449
8010
5210
6770
5215
4294
7440
9524
7124
3594
5306
6726
1911
6490
1070
8144
4593
3605
3092
7632
483
6222
899
2692
1339
6715
2555
2963
858
4422
4967
6387
2432
177
3156
7647
5550
1675
8249
3753
5269
3554
1557
8259
44
2628
7481
4637
7312
1651
2268
8874
7874
4246
1566
291
2039
4121
3254
2898
8543
9301
363
2053
556
4598
779
6106
6273
9028
937
2620
2582
2495
1957
2626
6202
517
8342
3513
2168
1688
3465
1120
5934
5031
2491
9053
230
6824
3029
9853
6124
3392
1905
6680
7990
2684
3865
4263
1712
4802
7962
5373
8376
998
9078
4577
1515
7419
9169
4762
185
2634
6962
6119
8744
9453
6250
8975
6276
9279
8827
3479
2670
1810
1237
660
5574
6181
6002
7286
983
5042
3737
437
6040
2814
5015
8634
1311
4183
3396
1496
7896
357
8694
6640
888
4944
5614
8243
4222
5519
2800
7972
7329
4038
8632
3981
218
5712
2345
2280
753
6082
2718
7873
8896
7733
6506
206
2994
9902
2781
890
1337
1475
8609
2225
7498
4222
1547
1719
819
4347
9691
9227
8385
9401
3208
9683
6191
5553
1962
6945
1635
4680
4817
1609
3491
1322
2895
7565
2303
5676
9534
3640
7151
8142
6945
4648
3442
8492
7447
4261
2838
8216
3487
2302
8696
6695
1984
4886
3327
5025
2909
4962
9706
7726
6571
4275
127
9466
1839
2430
6221
2451
7149
3371
592
4093
9099
4034
2584
7624
9374
6502
6918
2861
8804
5613
634
1866
499
3961
6891
3408
8923
7675
2213
6573
1950
2340
7117
4868
5849
3337
7320
2997
7788
8991
7091
7965
3025
753
5588
2398
8334
2505
6338
8216
9198
6973
81
775
2012
8052
5262
2014
5726
7475
9666
8755
893
6782
4702
6742
1198
3100
818
64
2090
8988
8029
6194
819
4695
9672
9154
8279
6009
8448
7476
4060
8530
8251
7152
7660
3513
9166
3385
2066
8831
3219
2960
6691
7921
780
7889
1020
2677
7953
4189
1664
7060
383
3563
1754
1133
3795
1112
8221
2242
8588
2281
1850
7918
9433
9510
2509
9677
3974
5654
8507
7193
9693
5197
6192
1552
4165
7212
4229
2117
2479
6973
256
3941
535
2010
5074
4330
4201
3295
6572
3868
6655
8423
1785
7166
9011
5373
6842
2984
1026
6427
176
719
2702
6368
2271
6867
4658
7579
63
7138
4551
319
2157
6165
3408
7232
1573
7610
526
9225
1477
8260
8726
4341
5425
7736
792
3345
720
1818
9772
896
3616
3552
8344
6966
419
3001
4545
1561
1217
174
2959
3375
7419
6367
1685
8992
5055
3290
8216
7611
1549
6941
1951
8053
4677
2743
1397
6476
5641
2247
8451
335
6878
6794
7302
8376
874
2925
9937
3170
4178
2895
7624
1596
341
9309
588
6475
3677
9883
4086
5226
6824
6037
4357
2579
9860
6833
133
6579
158
8584
6914
7037
5378
4215
5412
7331
8219
5349
500
2397
9323
9204
3993
742
9591
5660
7218
3268
5543
1303
9573
3445
8419
3930
6024
8278
762
7236
5935
921
5819
2849
7958
2275
8143
4448
9606
6362
9797
1185
8759
198
388
3830
940
1057
9491
8158
4325
5033
9461
3898
8478
7880
7828
5580
7236
9669
2815
3171
1668
9713
7099
704
1988
5241
5153
1593
1602
4949
3857
1439
5147
5324
6349
7167
6382
5839
5324
706
1950
4785
5683
1506
3743
4589
8165
2057
4258
2058
6307
5926
1770
3405
6631
3758
8647
2862
6431
1327
7811
1366
3846
4037
6691
194
2282
4151
7112
7606
5936
9062
3469
1619
1646
7212
6208
9811
348
1544
1868
6655
8550
4717
60
6259
8476
9786
9121
5985
1112
8010
7351
6037
3125
5120
6231
5407
9271
4421
3013
5207
4561
6482
7905
6207
4773
5191
7096
6200
6736
8964
2854
6364
4760
3993
2622
3235
3778
1742
298
5970
9752
7649
2006
3956
2769
8238
9363
3118
3737
3454
8325
8299
1015
7308
4505
6867
2499
1601
3066
313
1643
5920
6677
6403
992
9299
716
4770
2119
1014
739
2949
9743
2746
6905
2511
2062
6268
5629
5799
800
5033
4097
1815
3419
9682
8682
5918
2361
1747
7310
5083
8747
3986
1486
9739
4363
3281
4508
6482
4296
6327
510
4038
151
7415
7628
2213
4761
4335
9091
5562
9368
4267
7377
3866
5027
7138
9784
7388
8885
7094
2470
8710
2158
5035
8448
7601
8317
4035
4082
3691
1440
5671
8808
1591
3086
6435
4883
8926
1848
3973
5566
1216
9319
2943
6161
4345
1159
5944
1732
43
4116
5282
8754
7354
316
8280
4954
8633
3393
114
3402
4833
5786
2209
6424
8872
9723
1306
8876
1571
6359
4442
3866
6756
8464
26
1101
9623
7049
3912
744
1165
9194
576
9598
9511
8857
4551
9222
2249
4665
2624
8162
1529
5912
4585
1479
5635
6971
355
8285
4408
4797
2150
1163
3260
2176
3343
3961
9225
7256
4705
1468
6449
5282
2144
7038
5217
6695
7339
8545
2439
9963
6706
3968
6953
2370
5448
2587
419
6882
871
4827
1678
4100
5990
6017
7355
412
9978
6580
7668
5761
9127
5195
2121
1271
2233
7338
9045
9572
6962
2562
612
4746
7610
7565
7116
4136
1231
7535
1017
3181
2361
3774
7282
9431
9791
4636
921
846
2294
8589
6607
2500
3783
9808
4850
7095
8224
4973
6666
5185
7536
8357
9932
5145
7001
8126
359
8232
5661
1376
1412
9101
5150
9773
9610
6019
5488
530
6865
7782
197
4550
1360
3981
4357
6210
2154
2581
1183
8821
7766
9798
8256
8776
4942
5256
6902
6380
3487
3641
7756
5979
2741
2905
6830
3430
2
2317
3960
6867
99
4158
1416
1459
9218
6853
8749
1371
9434
9932
1270
8278
9729
9527
8133
5749
5861
5034
2128
427
8675
962
6406
2494
4946
3235
7003
4948
5553
963
1814
6731
6200
4309
9269
6496
1161
8017
7867
1673
9027
216
1030
8755
821
9163
5582
6682
5275
8789
7109
5028
9751
4593
8601
4696
8908
5604
9644
5539
7646
2536
3348
3845
7925
2616
340
9086
633
9286
1838
9660
580
3947
9494
1401
3109
6154
9163
9463
4943
6271
4490
4693
1943
4169
468
1929
9773
111
7468
7418
3727
1894
2341
1651
4510
3760
1815
6222
3046
4732
6961
3626
8679
7533
6107
2866
3686
5269
2328
8629
2618
7897
4401
4561
2066
4869
7569
2917
6059
6115
335
9786
8009
2676
2515
2519
6437
4331
8741
561
9063
6780
5266
7742
4312
1372
607
7999
6641
4015
7706
338
1911
2106
5978
5056
6975
3547
7974
3034
9662
9388
3898
7671
2063
6414
1268
9579
744
1087
1218
885
7868
6485
9706
2179
8936
1392
1256
6656
5407
8963
6994
8397
1068
2971
4532
9123
7597
2505
2156
7259
1892
7133
6008
5034
3546
7276
5692
5369
9442
6910
7334
7309
4473
7039
567
4488
8431
1823
1143
3837
1864
9216
3313
2933
3265
7845
2055
862
1428
5290
9200
4399
2422
5207
9433
7048
3561
6203
3495
3002
4192
828
1390
9744
7868
1957
4231
6298
4859
6453
1214
6724
5668
5606
735
12
3450
3869
874
5957
9159
1152
355
2659
7438
866
785
998
7070
4281
5079
1261
5109
6469
1004
2976
8426
6315
353
4364
2767
2646
1087
9515
8252
1822
9527
2780
6770
1479
8737
5928
3710
9092
9666
1147
9958
451
2145
8106
4732
8303
445
9841
4772
2529
3896
4276
8844
5328
8640
2689
7974
805
2203
7304
3706
2808
1162
475
5366
9899
6403
9076
68
7148
222
1104
7599
3446
9211
2330
1749
734
3249
6521
3263
8224
796
2106
4630
515
5875
3682
1320
8078
985
5027
1965
2147
6581
7331
3124
2984
6407
3192
1210
7708
5376
8809
1154
4586
2217
2903
5320
6545
502
9663
4769
2377
2847
9399
2892
8722
3081
5292
7879
5145
318
9844
8372
7978
8253
2574
2040
5738
5767
3250
3446
2221
2058
5679
6807
4275
8582
3205
820
162
3946
6668
2539
6794
7145
6511
5515
225
1802
4472
6450
3199
5394
5900
1176
3647
8474
3217
9385
5319
6467
3909
7540
8526
9588
5425
3879
9248
9710
5778
9410
3655
2445
3028
448
9591
9539
7043
894
1340
1514
8423
4539
6909
4322
5715
1634
2796
8932
2097
8115
6478
6007
5655
5003
6673
1079
9961
7000
788
5739
7488
4444
8184
515
5971
8853
53
3013
9748
2472
5607
8170
7011
3594
3571
3805
5228
6367
3815
7325
4481
292
4410
1214
6374
1083
3373
6335
9162
4161
3152
6649
9684
2414
7165
6734
1267
8297
825
2093
769
6432
1341
8859
1104
4912
2663
6332
2357
7558
4736
6839
7850
9146
9132
5303
1307
2504
2716
468
7745
5868
7118
7428
8282
5361
5240
627
3657
6066
2720
4426
3576
5141
3285
4681
52
7027
1012
2410
4584
5748
327
3513
5973
9459
9895
7280
3042
2610
7749
786
8478
5945
9293
7838
1305
4533
8466
4962
1677
2264
467
5253
7405
4831
9934
8537
2936
2025
2025
7521
8852
3431
2112
4824
3968
2006
2104
7010
4616
931
7796
4172
7955
8168
2009
9260
2700
1553
5300
4377
3818
5767
708
2301
1676
1721
837
4613
3746
3941
3212
3676
7372
6403
8501
1340
8409
1683
8350
4103
3693
7225
9354
1647
5392
2441
906
8092
3995
7285
3547
8892
4131
5334
1192
5807
7055
3109
419
1879
7050
4710
5556
4422
1112
5135
6841
599
6818
5190
5781
1589
2414
5134
3236
8885
7576
5221
8055
2649
2505
1601
1540
6636
8015
3811
3522
5069
6920
3941
6949
5049
9731
2504
549
842
7639
7390
2521
5535
2579
8302
7124
6073
3436
1438
4957
2090
6659
4091
4739
242
5692
6279
6879
4785
89
400
9855
8089
5420
6803
3137
5150
385
3686
7072
9103
1075
671
5716
4733
8973
2839
1884
3487
5356
7921
5577
2014
2011
315
2256
8782
7673
213
3567
8842
1692
3421
6930
7113
1302
1145
3341
2766
4831
1491
2947
6985
2162
8663
2796
1135
2580
5760
5701
7936
3680
1278
1028
5691
1593
3284
5551
345
4577
9118
9187
6269
3617
6116
3381
5998
7261
7802
9843
3170
371
2789
1233
2534
2530
5108
4748
6189
867
448
5203
4547
2805
6231
1316
4399
594
6868
4744
5171
7064
5009
1439
1760
1124
5900
8837
9464
4780
8680
3712
5151
2547
6024
8764
6157
1131
4590
2345
1999
5039
8628
6546
8923
4858
8942
3321
6531
6888
9144
1701
5030
4152
4220
6790
6355
1198
6706
6897
7057
5385
608
2207
9011
6632
2050
5167
7764
6640
8592
841
2757
7219
8466
1680
3155
7407
6080
9687
5373
5224
2466
403
454
7765
8272
7889
8963
4977
4785
6019
1440
6473
9306
451
4183
1355
5618
3025
7995
5288
3866
752
2506
2332
3511
5662
817
9591
5348
6191
5893
8893
6594
6348
6658
4865
5315
5620
921
1178
2718
2361
7651
2023
2812
1834
4457
9510
5938
3530
4797
9805
5361
7304
3215
8872
4044
4032
8463
470
222
4355
9363
6816
1781
6020
2760
7096
2719
3681
8275
6516
7121
7004
9618
9934
9917
4074
521
5855
7604
5318
6738
2965
3700
9953
2915
8823
3984
1377
9293
4207
6812
9735
2101
8593
5754
5940
6768
9552
699
6121
6067
7821
3124
5684
8833
4120
836
9354
9975
9520
5750
7791
2484
9451
7743
6478
9352
2805
7856
8645
8091
4667
8379
1271
4338
5211
7211
2184
5842
7911
8305
1908
6810
2508
8672
5642
7707
9508
4995
8760
105
744
6550
2589
1273
4292
146
625
8176
8002
9270
6267
3747
8727
7538
9164
5016
4748
1348
1936
3737
731
3845
546
4318
3595
6188
2024
4181
2261
783
4287
3006
7333
7955
4279
2703
8101
4904
879
7181
5252
7146
2006
5057
5762
1170
1152
509
3597
3088
5326
5407
8012
5872
9726
2685
3139
2828
6867
5400
4691
2232
8406
3102
186
3764
6885
9367
9747
7764
6547
6078
5988
8554
2213
2828
802
4444
4416
4399
7533
9742
9806
6623
6693
609
9309
9832
4517
6175
6310
9208
8407
5795
2309
9672
9559
9194
116
383
8036
6664
7540
5102
6296
9754
7930
7098
4197
2346
2575
2808
2087
3459
9432
8780
4069
8740
9690
8586
5993
6000
7793
5478
1794
1180
5149
2431
374
5266
3893
9489
3008
1433
4591
382
1186
2520
8559
6462
5945
1133
9271
9112
4592
9781
7891
8661
8520
8660
8325
4512
5738
7196
9990
8611
8377
6217
1041
9830
2561
4934
396
6648
7446
4987
7030
9711
8587
5588
6173
4531
7800
6522
3642
2392
6302
2612
2131
4821
2350
1535
411
8088
8731
400
6698
7107
7696
8818
8015
257
4830
8412
7984
2276
4477
5014
1986
3063
1680
8159
8674
559
5759
3394
2951
2060
7085
6161
7960
513
7696
8371
8601
6427
9850
6377
4612
8625
6273
3706
9961
1103
2117
7944
3379
6594
4036
5365
736
5717
4603
488
7355
361
4961
305
3501
3125
7545
2539
3638
5241
910
3318
2746
1838
773
8437
1541
7047
2142
1501
8150
5338
9446
1528
3011
3481
7972
4826
276
3653
5314
7631
5094
1353
9015
8595
4478
6560
2212
9196
2879
4201
2513
5625
6040
3286
5140
7581
332
7283
9083
8482
3699
9607
1088
6710
3087
139
1535
4443
3792
7928
3152
8886
9282
2167
8559
4838
8727
771
4033
2684
6051
7625
9388
2090
911
4527
750
2322
2888
911
1883
6588
1596
2971
4376
5762
4189
5912
204
7982
3839
3357
7946
4199
5524
7584
116
5329
9434
4149
9092
5484
1774
8479
8654
3764
4084
482
6086
6973
1393
9048
4639
2989
3098
9015
8751
7287
6005
34
6347
923
4470
5372
5122
9994
2955
6317
6401
3467
466
6571
8951
3319
5049
8683
8162
211
9165
5326
7184
1636
4374
2901
5704
7472
1916
5534
5837
7921
5568
2184
9923
37
7556
6124
1109
1589
2440
8589
5056
2906
5159
5085
7304
1286
3768
5465
1497
2932
791
9761
5648
6244
2661
1351
4794
5656
6885
630
4656
3531
2814
4578
4647
1448
701
5756
3037
3142
5423
8093
7127
1660
3178
5510
4025
6946
974
6602
956
2844
6362
6604
9088
101
9035
3881
6837
5919
5591
2571
529
8405
8228
5176
9854
8930
2011
3969
3150
8513
2062
1355
173
5240
6865
4198
3264
8919
799
5299
1762
8240
2982
1929
9421
2016
6889
6257
9014
2479
8828
9543
1963
7055
5798
2895
7063
7809
6864
1291
6321
4
3726
7573
6323
1669
1771
9587
587
3649
5965
3429
2968
8947
5358
2388
962
3325
8645
9976
6884
8551
9519
9926
6684
5316
2820
4826
4203
762
7196
1602
767
921
9176
7090
2591
2025
7756
4257
6753
3720
7686
9721
2666
4122
2108
4707
7448
1831
4682
5410
1460
5279
5335
9224
1673
9234
4049
6955
1074
2323
8558
2920
4324
7733
10
7994
836
8845
2250
7589
3643
9937
7310
7388
5137
496
2094
3663
2328
6776
9073
4867
3134
5486
4090
5886
4719
9218
2841
5794
1541
1398
8714
5865
209
9803
3858
1045
9726
7187
8634
3368
8202
7022
755
3339
7519
3928
7002
925
704
7154
6871
4917
2639
961
802
7359
178
3643
4231
1719
6120
4023
8663
6329
4905
3599
8453
4630
786
8166
9078
66
6266
911
3405
3784
4840
1486
5788
6623
8640
2659
1539
1278
4699
3420
9716
4877
8143
5025
7676
4262
127
6338
1670
5032
9938
1201
740
1802
445
896
1868
6712
1808
6353
1574
6648
7839
7363
4349
7557
1100
5888
9914
5799
386
708
1754
8529
5733
9430
3870
5860
6847
6619
1970
7863
8899
3790
9665
9345
4686
2611
6056
6494
8964
7630
4220
7881
6071
8569
5437
8250
5535
6430
5127
5922
7138
6882
5529
3949
6311
477
888
4236
8175
2858
2098
7074
6648
1762
7497
2413
5453
3552
8907
4416
2260
4206
3376
9411
2774
8813
7660
9389
6321
2787
5310
3458
9669
1917
7408
7058
3474
8296
1294
1648
2232
3392
9801
9960
6234
8376
2372
1686
1927
1278
7181
5267
5484
556
4677
9338
448
2336
8726
6769
6202
5114
1306
5870
8110
8714
4007
1583
8088
5301
4311
319
9772
5190
278
6005
3566
2650
8770
6572
5008
5951
2917
1570
7586
7594
907
8034
1009
711
5882
7211
5825
7188
4160
5014
5901
8167
7676
3988
3467
1986
5386
4317
8256
5665
1401
2900
8315
170
9472
4401
7200
2389
5972
4786
1061
6879
3898
2070
8670
9780
360
5573
8046
4520
586
5025
2686
8263
91
7232
1327
5478
1548
661
2221
2949
3561
1614
4199
4112
6016
1398
7580
1987
7263
9720
9945
2240
1790
8614
3098
2150
4187
1144
7749
5852
6169
434
5193
7340
7666
6521
2817
292
8261
5038
4321
1822
6652
8520
7013
2667
996
4592
5733
9339
4311
5678
1578
7180
5370
4676
408
9557
6899
8157
6488
4147
9670
1680
1486
8414
9280
5382
8707
7541
419
4106
9363
8150
2625
7454
1896
4700
2045
7629
4038
7435
4385
6695
5694
9756
2450
6102
390
9349
5338
6878
4574
5007
9638
7139
4500
8917
2520
4285
6457
4018
8391
6898
3247
2094
4351
5143
6794
6396
3850
1911
4910
8236
8606
603
9070
1055
7784
9460
1483
3121
7417
6057
9208
7054
4275
3707
5970
6795
7992
2427
813
7461
403
5139
9555
4755
281
6348
2229
4131
8259
7139
3445
7944
8821
2514
8999
6605
3053
481
804
469
7618
11
7523
1892
4797
4571
9766
3867
8077
1657
1327
8481
6796
881
3235
8156
8309
6543
3366
7646
4761
6811
5589
3581
404
4588
1264
3457
6148
2069
5005
4844
3159
3606
7815
7957
8177
7581
2902
6254
316
4230
5813
7113
6190
126
6347
4498
6669
9713
2144
1429
6524
7733
6090
8007
3399
7354
1463
626
9423
6468
5470
2582
73
3285
1617
9329
1944
4519
6661
3339
9828
3552
451
6018
3678
6799
1594
1426
7590
4817
3934
4113
3629
23
3198
7028
7378
4661
7654
7879
2207
4203
1539
3359
8567
4235
3767
510
8755
427
3849
9661
3980
5380
6757
8737
3257
9431
162
846
4247
5176
6039
7876
5199
9237
5983
3655
4977
4715
2613
8263
9997
4152
1622
8563
8388
5389
9073
8221
6895
4001
7881
874
459
5717
690
4795
5147
852
5641
9394
6028
2758
8349
2306
3074
5410
7040
8051
1203
9653
6313
1200
3805
9014
9763
3271
4402
9915
1491
1297
3915
450
3250
5453
6167
3940
247
2392
5872
6967
1786
2978
9726
1213
5284
2799
7702
2324
1928
8905
3055
8241
104
6860
7255
9868
130
2735
860
2700
5111
5854
4230
9441
1306
396
4459
1553
3868
330
9599
6733
4388
9324
7946
750
3201
5647
4153
6208
5630
7209
4449
5735
5147
2782
6681
6357
6596
7541
9057
2786
3394
3286
2226
5779
4762
7764
7332
8630
9174
6930
5362
3561
7333
4386
4311
1612
1111
9544
7821
6741
6752
3348
3554
1898
7209
234
8255
3804
8854
8391
7669
3326
2755
9895
9105
7517
8738
7515
7225
7911
5524
3665
1471
2856
9130
6861
5547
240
6404
3367
8061
4234
6715
1614
7212
5002
2928
6545
8807
2860
4935
7554
6187
7691
8528
5291
6286
7265
2806
4590
5175
8330
8255
6646
2264
8464
4585
7811
8704
989
2257
7843
6302
50
9458
3513
5053
3464
58
4938
6324
4993
2491
2510
3762
1018
7802
1127
8283
1686
5717
4536
1094
5050
1181
4437
3513
6846
2247
2217
8914
5583
59
5215
5634
595
8729
686
4059
9866
6703
383
5937
9194
3972
778
1291
2852
1905
652
4538
7622
5189
6711
2671
7449
1147
6185
4294
3395
9481
3207
56
618
8423
5690
2293
8230
7455
6352
9174
4157
7814
5110
3351
1786
5888
5721
4638
8872
6373
255
6493
1561
6966
9165
9011
8114
6428
4383
2587
6987
7591
2643
7605
7092
9413
9898
6400
6867
7329
6652
1024
5142
1761
5454
8007
8729
1174
3724
7600
7547
3979
5172
187
944
5415
276
136
1842
4659
2723
8829
3328
6446
7512
419
5858
7410
7898
3803
5817
4549
4827
958
7390
1359
44
7197
3612
3768
4796
2238
7747
1046
2425
9770
6461
3780
9907
9382
8439
3708
8210
1767
1232
6801
3265
7090
5289
1163
893
1105
5712
6799
3142
4180
9238
3186
1376
2849
8033
7252
6166
6858
8298
9670
6628
4759
3449
7613
5219
1888
2399
4508
3655
3632
1308
6920
721
6597
9162
2693
7702
5953
571
1922
132
9809
5109
1509
3736
4220
8761
9903
1078
7058
9572
7706
2895
3021
6397
8115
5988
8796
2622
721
2427
5009
7641
4228
1605
7882
6921
385
3834
8571
2307
3966
9458
8495
6554
3194
2715
5314
4175
3793
3451
4825
2577
6346
8925
8974
5539
4912
8848
9240
5633
1275
4248
4353
6582
6932
2234
4581
8396
7147
3152
703
1112
2609
276
7667
6882
4070
4059
1056
8942
7510
6961
1518
4935
5885
1570
1552
797
418
792
7509
2772
6119
1861
432
3051
5174
5013
2525
2320
9244
3228
4512
1853
4584
2178
9814
8654
7316
870
7596
4826
7831
192
839
4794
1763
2391
5591
3260
4262
3100
7111
381
6040
7543
4511
1214
2555
7036
3534
1799
1343
8046
4731
5927
1302
4544
5659
8619
6493
4333
4523
5402
4526
5362
196
7368
7753
6866
627
2015
9966
7738
3475
6006
6359
7986
7220
8914
6100
1832
1791
7443
9879
6522
4448
1180
2145
107
877
8638
4440
5400
4040
8966
761
5315
6333
9594
2180
8039
2687
2146
6855
7241
9231
3213
5226
7529
3206
1325
9361
4997
9848
317
1519
4295
1498
4743
4402
2375
3380
9922
8855
8499
8887
694
3813
6299
287
5994
5416
4053
9219
2271
1293
9528
6563
7598
8135
9769
2
7495
4766
9850
8892
7364
4144
1468
2106
9626
4922
6565
9547
3776
5064
9512
4471
8877
6889
5837
5949
2305
9891
5167
5655
2262
5773
2217
9861
3907
1986
9863
2481
6752
9712
1372
5194
4934
2840
7300
4559
7762
3864
5184
2617
6
4696
7088
9963
1584
4003
5911
4968
4972
2157
622
7235
7930
3919
7095
2916
5905
8036
5397
3735
8826
7848
8929
3759
687
7307
9398
9528
2249
4581
3223
2256
9277
1389
2218
1940
5393
9208
6908
364
1364
8610
7599
373
2528
5772
3289
9512
3807
9765
3246
2632
7612
3253
7471
9378
1638
6868
9984
4966
2527
3207
8301
2883
5675
1597
4823
1067
805
2809
1432
3248
2497
109
4700
6104
6961
7989
5615
767
8832
9940
4479
7522
4271
3028
6899
5909
9896
7962
875
3501
2247
254
6384
7922
1852
2285
8990
2657
5095
1500
6984
8671
2688
1684
4775
9649
751
1468
416
9584
1408
5974
7105
6758
9002
5083
2667
9976
3044
4621
3476
5291
4875
9861
3212
6727
2145
3280
462
8319
4780
7447
8069
7469
9131
3922
7117
9882
5390
8612
543
7877
5664
7649
4635
5744
2731
8381
5719
6854
3001
274
2144
8955
1213
6435
6761
3358
9716
8302
2756
4495
5748
1903
3042
5957
5825
1238
6918
1214
928
7461
170
6593
5109
4805
2336
8919
3185
9135
5772
7265
9409
8995
7298
621
5430
4058
5058
6224
3439
8893
718
265
795
4840
6223
7699
6078
3140
8914
7006
1679
9084
4677
6789
4967
8093
6786
8152
7227
3637
6495
7714
3710
3792
8335
9140
8930
4471
6442
2368
3364
7161
2633
5238
2000
9935
2937
9157
3074
2929
7241
5833
3091
1918
3700
9137
10
485
7288
8316
5201
3782
6029
8912
8653
5442
9130
7582
9913
5572
9950
4355
3811
3662
672
6890
3596
4688
6046
7750
8696
3286
3582
1786
6283
7282
922
7372
7767
9289
5687
4047
4149
2794
2958
2801
9315
3166
383
306
8738
1411
5740
2548
5073
6412
9438
8670
1099
6562
6419
9795
927
0
2659
7210
7282
4660
5661
6127
5027
2426
173
9176
6300
4210
3056
5614
7377
4518
5920
7193
5929
2739
9742
1002
9151
257
750
1329
7899
7169
2202
8826
8248
4862
7114
6608
600
3853
3813
5628
6280
5066
5882
2579
9276
8938
8193
7731
3455
5192
4924
463
7931
5744
1465
8160
7080
3294
9489
4978
1541
1691
4882
9789
7632
3075
7475
9311
6928
1287
6017
3207
7432
1899
6865
6708
1915
5058
5517
5371
1328
440
6913
337
7263
9457
8497
4343
2750
7986
399
4291
755
6361
5158
9466
9436
2632
8776
7442
4998
4793
1728
2430
7771
8593
216
9686
4729
6812
6135
6057
8332
3047
6394
5594
2503
5970
1015
5253
3955
1415
622
5789
7776
5780
6333
8290
9491
6187
5731
5568
2058
7459
9077
9829
6052
371
9515
780
7183
6728
7917
5514
9776
5389
2187
3357
1358
3202
9690
6392
5696
311
3259
3471
7171
9592
2839
7740
5779
8571
3307
7837
7108
3462
8745
3159
3833
9338
5019
1016
6065
4014
7609
6919
9403
9796
276
1840
2998
9966
8232
8694
1355
1491
3244
8526
2161
6083
7345
7940
5732
1730
6856
2840
5193
5600
7078
9026
6016
2096
1120
2080
7189
8730
9000
6592
8525
354
8432
2601
319
7742
1295
1674
311
5618
1279
2473
1700
9703
1491
7433
1432
8347
1351
7704
5025
8429
7809
1040
1604
8929
4200
8793
8737
4278
5384
8341
4632
4894
941
6030
3715
3315
8783
4026
8933
61
6499
1712
842
7991
